76.7585970163345	154	0	31.8116	222.313249982939	0.969257557330132	1.02673449683666
76.7746089696884	68	0	34.3616	223.905978837872	0.970572138700485	1.02568443293571
76.7799459695816	153	0	31.9731	224.436856835127	0.971010306391716	1.02533443248272
76.8066329956055	44	0	30.9609	227.091448405633	0.973201311228275	1.02358429731607
76.8137500286102	97	0	28.741	227.799388503737	0.973785619637966	1.02311756229162
76.8137500286102	51	0	29.8122	227.799388503737	0.973785619637966	1.02311756229162
76.84399497509	199	0	24.5536	230.807890833817	0.976268729743958	1.02113409870148
76.85467004776	155	0	24.8982	231.86975354939	0.977145153210163	1.02043402743578
76.8689030408859	209	2	23.42	233.285527024536	0.978313681945801	1.01950062774658
76.9560799598694	164	0	21.6634	241.9571232552	0.985470906994343	1.01378356539965
76.9631969928741	50	0	23.4485	242.665063353305	0.986055215404034	1.01331683037519
76.9631969928741	239	0	20.2779	242.665063353305	0.986055215404034	1.01331683037519
76.979208946228	166	0	21.2981	244.257792208238	0.987369796774387	1.01226676647425
76.989884018898	387	2	17.8062	245.319654923811	0.988246220240593	1.01156669520855
76.9987800121307	92	0	22.2543	246.204550401702	0.988976581285	1.01098329597235
77.0005589723587	109	0	21.9665	246.381505781488	0.989122633919716	1.0108666317606
77.0343619585037	192	0	20.2168	249.743930729036	0.991897859082222	1.00864983192921
77.0574909448624	146	0	20.8176	252.044599682074	0.993796748862267	1.00713303300381
77.0877360105515	139	0	20.8153	255.053113870049	0.996279868755341	1.00514956159592
77.1304349899292	93	0	21.5902	259.300434295487	0.999785454962254	1.00234936252832
77.1322139501572	72	0	21.9466	259.477389675274	0.99993150759697	1.00223269831657
77.1482269763947	187	0	20.1357	260.537146859872	0.999971153023243	1.00215283505678
77.1677969694138	386	1	17.2151	261.790940342426	0.999920662441254	1.00213052526474
77.171355009079	201	0	19.9754	262.018893767784	0.999911482698917	1.00212646909952
77.1838090419769	141	0	21.0397	262.816788037021	0.999879351294041	1.00211227150202
77.1927050352097	100	0	21.7365	263.386728880901	0.9998563996315	1.00210213006973
77.2193919420242	86	0	22.2447	265.096482675958	0.999787547411919	1.00207170699596
77.2211710214615	158	1	20.9943	265.210463207335	0.999782957386971	1.00206967884541
77.2354040145874	62	0	22.8589	266.122330370553	0.999746236264706	1.00205345323324
77.2460789680481	186	0	20.8601	266.806244108412	0.999718694884777	1.0020412837863
77.2798819541931	503	0	15.309	268.971904754183	0.999631483180523	1.00200274838209
77.2905570268631	95	0	20.8176	269.655826129441	0.999603941493034	1.00199057879925
77.3474889993668	179	0	17.8924	273.30329478231	0.999457057003975	1.00192567635059
77.3670599460602	265	0	16.6818	274.557149364049	0.999406563961506	1.00190336547136
77.395525932312	133	0	18.4967	276.380883690484	0.999333121716976	1.00187091424704
77.4026420116425	306	0	16.1214	276.836790541198	0.999314762232304	1.0018628019166
77.4150960445404	62	0	19.5318	277.634684810436	0.999282630827427	1.0018486043191
77.4150960445404	145	0	18.3028	277.634684810436	0.999282630827427	1.0018486043191
77.4222129583359	333	0	15.769	278.090645122938	0.999264269189835	1.00184049103737
77.4222129583359	69	0	19.4254	278.090645122938	0.999264269189835	1.00184049103737
77.4239920377731	163	0	18.0454	278.204625654316	0.999259679164887	1.00183846288681
77.4239920377731	124	0	18.6072	278.204625654316	0.999259679164887	1.00183846288681
77.4311089515686	86	0	19.164	278.660585966818	0.999241317527294	1.00183034960508
77.4311089515686	83	0	19.209	278.660585966818	0.999241317527294	1.00183034960508
77.4560159444809	604	0	12.6667	280.256305768709	0.99917705748558	1.00180195563316
77.4720289707184	82	0	19.224	281.28221456249	0.999135743877888	1.00178370078325
77.4898200035095	239	0	16.9875	282.422035151064	0.999089843013287	1.00176341900587
77.4933780431747	188	0	17.6964	282.649988576422	0.99908066327095	1.00175936284065
77.5218440294266	353	0	15.5218	284.473722902856	0.999007221026421	1.00172691161633
77.5360770225525	63	0	19.5608	285.385590066073	0.998970499904156	1.00171068600416
77.5360770225525	163	0	18.0777	285.385590066073	0.998970499904156	1.00171068600416
77.5378569364548	630	0	12.4102	285.499624059238	0.998965907726288	1.00170865690231
77.5503109693527	57	0	19.6771	286.297518328476	0.998933776321411	1.00169445930481
77.5520899295807	56	0	19.6925	286.411491222456	0.998929186604023	1.00169243129015
77.5520899295807	546	0	13.2986	286.411491222456	0.998929186604023	1.00169243129015
77.5538690090179	25	0	20.2077	286.525471753833	0.998924596579075	1.00169040313959
77.5698809623718	36	0	20.0707	287.55131181103	0.998883285739422	1.00167214951277
77.573439002037	178	0	17.9384	287.779265236387	0.998874105997086	1.00166809334755
77.5894509553909	79	0	19.4435	288.805105293584	0.998832795157433	1.00164983972073
77.5930099487305	653	0	12.2312	289.033119818127	0.998823612954617	1.00164578246832
77.5965679883957	346	0	15.7059	289.261073243485	0.99881443321228	1.0016417263031
77.6001260280609	58	2	19.7685	289.489026668842	0.998805253469944	1.00163767013788
77.6001260280609	146	0	18.4379	289.489026668842	0.998805253469944	1.00163767013788
77.6019049882889	89	2	19.3378	289.602999562821	0.998800663752556	1.00163564212322
77.6250339746475	340	0	15.8547	291.084807569919	0.998740990967751	1.00160927507877
77.6499420404434	111	0	19.0569	291.004712553449	0.998652240991592	1.00169358793736
77.6570580005646	141	2	18.6069	290.749575638392	0.998623492512703	1.00173329499483
77.6606169939041	109	0	19.0873	290.621970850577	0.998609114179611	1.00175315417767
77.6695120334625	386	0	15.237	290.303046501143	0.998573178219795	1.0018027884984
77.6801869869232	132	0	18.6888	289.920304798272	0.998530051407814	1.00186235473871
77.6855239868164	106	0	19.0788	289.728951043441	0.998508489928246	1.00189213519812
77.6909229755402	280	1	16.6004	289.535374729922	0.998486678013802	1.00192226155519
77.6909229755402	254	2	16.9514	289.535374729922	0.998486678013802	1.00192226155519
77.6909229755402	169	0	18.1458	289.535374729922	0.998486678013802	1.00192226155519
77.6927019357681	218	0	17.4088	289.471591569695	0.998479491014481	1.00193218815327
77.6927019357681	639	2	12.3722	289.471591569695	0.998479491014481	1.00193218815327
77.6927019357681	433	1	14.637	289.471591569695	0.998479491014481	1.00193218815327
77.6944199800491	338	0	15.8077	289.409992500796	0.998472550115585	1.00194177484035
77.6944810152054	296	1	16.3522	289.407804135318	0.998472303533554	1.00194211541653
77.6962599754333	194	0	17.746	289.344020975091	0.998465116534233	1.0019520420146
77.6962599754333	177	0	17.9883	289.344020975091	0.998465116534233	1.0019520420146
77.6980389356613	369	0	15.4165	289.280237814865	0.998457929534912	1.00196196861267
77.6980389356613	155	0	18.3064	289.280237814865	0.998457929534912	1.00196196861267
77.6998180150986	156	0	18.2918	289.216450380487	0.998450742053986	1.00197189587593
77.7015979290009	54	0	19.8309	289.152633027051	0.99844355120182	1.00198182779551
77.7033770084381	248	0	16.9953	289.088845592673	0.998436363720894	1.00199175505877
77.7033770084381	142	0	18.4966	289.088845592673	0.998436363720894	1.00199175505877
77.7051559686661	300	0	16.2997	289.025062432446	0.998429176721573	1.00200168165684
77.7051559686661	204	0	17.6048	289.025062432446	0.998429176721573	1.00200168165684
77.7069350481033	271	0	16.6844	288.961274998069	0.998421989240646	1.0020116089201
77.7087140083313	670	0	12.0621	288.897491837842	0.998414802241325	1.00202153551817
77.7122720479965	156	0	18.2918	288.769921243238	0.998400427761078	1.0020413893795
77.7389589548111	137	0	18.5326	287.813084082665	0.998292612657547	1.00219030231953
77.7442970275879	63	0	19.6489	287.621691860473	0.998271046843529	1.00222008876562
77.751412987709	427	1	14.6632	287.366554945416	0.998242298364639	1.0022597958231
77.7852170467377	278	1	16.5131	286.154538128273	0.998105729966164	1.00244842247248
77.8047870397568	317	0	15.9888	285.452872075968	0.998026667194367	1.00255762303352
77.8119039535522	221	0	17.2639	285.1977009677	0.997997914862633	1.0025973354125
77.8207989931107	202	0	17.5268	284.878776618266	0.997961978902817	1.00264696973324
77.8314739465714	84	0	19.2226	284.496034915395	0.997918852090836	1.00270653597355
77.8332530260086	420	0	14.7066	284.432247481017	0.997911664609909	1.00271646323681
77.8368120193481	223	0	17.2221	284.304642693202	0.997897286276817	1.00273632241964
77.8385909795761	513	0	13.6409	284.240859532976	0.997890099277496	1.00274624901772
77.8439279794693	145	0	18.3207	284.049505778146	0.997868537797928	1.00277602947712
77.8670569658279	253	0	16.8057	283.220234938025	0.997775096693039	1.002905089221
77.8688360452652	75	0	19.345	283.156447503648	0.997767909212112	1.00291501648426
77.9382219314575	623	0	12.4701	280.668673450649	0.997487590231895	1.00330218972921
77.9506759643555	47	0	19.755	280.2221443134	0.997437275938988	1.00337168323278
77.9595719575882	68	0	19.4338	279.903185770755	0.997401336126328	1.00342132287502
77.9773629903793	152	0	18.1967	279.265302878675	0.997329460353851	1.003520596838
77.9791419506073	80	0	19.2541	279.201519718449	0.99732227335453	1.00353052343607
77.9862589836121	569	0	13.036	278.946344336031	0.997293520541191	1.00357023648024
78.0271790027618	444	1	14.4359	277.479190603831	0.997128203663826	1.00379857018709
78.0289579629898	99	0	18.9839	277.415407443604	0.997121016664505	1.00380849678516
78.0431909561157	359	0	15.4538	276.905095146129	0.997063515372276	1.00388791688681
78.0503070354462	118	0	18.7036	276.649953956921	0.997034766411781	1.00392762460947
78.0592030286789	302	1	16.1845	276.330995414276	0.996998826599121	1.00397726425171
78.0716569423676	105	0	18.9067	275.884470551178	0.996948512787819	1.00404675709009
78.1054610013962	625	0	12.4977	274.672453734035	0.996811944389343	1.00423538373947
78.1107980012894	473	0	14.1438	274.481099979205	0.996790382909775	1.00426516419888
78.1410429477692	243	2	16.9922	273.851798176467	0.99675448073864	1.00434228998899
78.146381020546	402	2	14.9725	273.968980510917	0.996791420202255	1.00430994126797
78.146381020546	104	0	18.9543	273.968980510917	0.996791420202255	1.00430994126797
78.1552759408951	572	0	13.0598	274.164243403506	0.996852973051071	1.00425603805065
78.1712880134583	309	0	16.1089	274.515743302586	0.996963776593208	1.00415900489092
78.2211040258408	59	0	19.5977	275.609313373289	0.997308503398895	1.00385711985588
78.2246619462967	275	0	16.5356	275.687417483563	0.99733312420845	1.00383555885792
78.2495700120926	733	2	11.439	276.234203827367	0.997505488023758	1.00368461597919
78.2513489723206	191	0	17.672	276.273255882504	0.997517798428535	1.00367383548021
78.2549079656601	131	0	18.5257	276.351383544912	0.997542426662445	1.00365226798058
78.2584660053253	134	0	18.4822	276.42949027209	0.997567048296928	1.0036307062602
78.2851530313492	144	0	18.3259	277.015328671031	0.997751722517014	1.0034689828825
78.3011649847031	132	0	18.4994	277.366825953207	0.997862525234222	1.00337195044518
78.3260729312897	82	0	19.2292	277.913609680107	0.998034888224602	1.00322100828886
78.3527599573135	130	0	18.5198	278.499448079047	0.998219562444687	1.00305928491116
78.3527599573135	797	0	10.8417	278.499448079047	0.998219562444687	1.00305928491116
78.3758889436722	208	0	17.41	279.00717975081	0.998379615030289	1.00291912325382
78.3901219367981	46	0	19.7718	279.319624977849	0.99847810734272	1.00283287131548
78.4079129695892	425	0	14.6377	279.710176932065	0.998601221289635	1.00272505765677
78.4114710092545	23	0	20.1277	279.788283659244	0.998625842924118	1.00270349593639
78.4114710092545	131	0	18.4975	279.788283659244	0.998625842924118	1.00270349593639
78.4292629957199	352	1	15.521	280.178856548691	0.998748963470459	1.00259567649841
78.4577289819717	102	0	18.925	280.803747002768	0.998945948095322	1.00242317262173
78.4684029817581	79	0	19.2692	281.038064567399	0.999019812173843	1.00235848818302
78.4719619750977	489	0	13.8998	281.116192229807	0.999044440407753	1.00233692068338
78.4915319681168	144	1	18.3148	281.545796239161	0.999179864759445	1.00221832652569
78.5075440406799	406	2	14.8626	281.897296138241	0.999290668301582	1.00212129336596
78.5111030340195	34	0	19.965	281.97542380065	0.999315296535492	1.00209972586632
78.5217770338058	266	0	16.6263	282.20974136528	0.999389160614014	1.00203504142761
78.5253360271454	179	0	17.8154	282.287869027688	0.999413788847923	1.00201347392797
78.5306730270386	91	0	19.0943	282.405027810004	0.999450720887184	1.00198113170862
78.5324519872665	83	0	19.2145	282.444079865141	0.999463031291962	1.00197035120964
78.5431269407272	207	0	17.4318	282.678418365002	0.99953690196991	1.00190566099167
78.5555809736252	466	0	14.1641	282.951811536903	0.999623083877563	1.00183018955231
78.5626969337463	153	0	18.1933	283.108022374356	0.999672326321602	1.00178706683397
78.5698139667511	150	0	18.2364	283.264256763942	0.999721576189995	1.00174393761396
78.5858260393143	130	0	18.539	283.615756663022	0.999832379732132	1.00164690445423
78.5911639928818	138	0	18.4223	283.732936380568	0.999869318370819	1.00161455645561
78.5911639928818	171	0	17.9478	283.732936380568	0.999869318370819	1.00161455645561
78.596500992775	600	1	12.7104	283.850095162883	0.99990625041008	1.00158221423626
78.6018379926682	125	0	18.6122	283.967253945198	0.999943182449341	1.00154987201691
78.6160709857941	122	0	18.6563	284.279699172237	1.00004167476177	1.00146362007856
78.628525018692	124	2	18.6439	284.553092344139	1.00012785666943	1.0013881486392
78.6730040311813	538	0	13.3671	283.97868387434	1.00014167634964	1.00134326971054
78.6730040311813	134	0	18.4806	283.97868387434	1.00014167634964	1.00134326971054
78.6872370243073	90	0	19.1322	283.737009643681	1.0001351291728	1.00133729185343
78.7068070173264	151	2	18.222	283.404713902016	1.00012612697601	1.00132907245636
78.7139239311218	285	0	16.3821	283.283869702136	1.00012285319567	1.00132608335257
78.7139239311218	81	0	19.2542	283.283869702136	1.00012285319567	1.00132608335257
78.7245979309082	250	0	16.8459	283.102626680124	1.00011794315577	1.00132160027266
78.731714963913	161	0	18.0786	282.981780456088	1.00011466932058	1.00131861111879
78.7388319969177	177	0	17.8513	282.860934232051	1.0001113954854	1.00131562196493
78.7441689968109	382	0	15.1566	282.770312721045	1.00010894046545	1.00131338042498
78.7584329843521	120	0	18.673	282.528112209554	1.00010237903118	1.00130738955021
78.7708870172501	80	0	19.2597	282.316644474511	1.00009665017605	1.00130215885639
78.7833409309387	318	0	15.9501	282.105178763626	1.00009092137575	1.00129692821264
78.8011319637299	120	0	18.6643	281.803089517577	1.00008273750067	1.00128945597887
78.8082480430603	118	0	18.6936	281.682259486797	1.00007946410418	1.00128646722555
78.8082480430603	131	0	18.5033	281.682259486797	1.00007946410418	1.00128646722555
78.8100279569626	396	0	14.9827	281.652036797924	1.00007864534378	1.00128571966171
78.8153649568558	273	0	16.5338	281.561415286918	1.00007619032383	1.00128347812176
78.818922996521	308	0	16.0782	281.501000271528	1.00007455362558	1.0012819837451
78.8278189897537	30	0	20.0209	281.349947551875	1.0000704614687	1.00127824742794
78.8295979499817	325	0	15.859	281.319741056259	1.00006964314699	1.00127750026464
78.8402730226517	220	0	17.2425	281.138479816833	1.00006473261356	1.00127301673412
78.8420519828796	106	1	18.8657	281.108273321216	1.00006391429186	1.00127226957083
78.8527269363403	164	0	18.0237	280.927014105947	1.00005900381327	1.00126778609037
78.8776350021362	210	0	17.3798	280.504078635862	1.000047546103	1.00125732470274
78.8918679952621	96	0	19.0127	280.262404405203	1.00004099892616	1.00125134684563
78.8936469554901	155	0	18.1513	280.232197909586	1.00004018060446	1.00125059968233
78.9149960279465	70	0	19.4035	279.869693648148	1.00003036003113	1.0012416330719
78.9167749881744	109	0	18.8199	279.839487152531	1.00002954170942	1.0012408859086
78.918555021286	139	0	18.3814	279.809262439501	1.00002872289419	1.0012401382947
78.9310089349747	412	2	14.7916	279.597796728616	1.00002299409389	1.00123490765095
78.941682934761	309	0	16.0675	279.416553706603	1.00001808405399	1.00123042457104
78.9470210075378	128	0	18.5434	279.325913978183	1.00001562854052	1.00122818258047
78.954136967659	377	0	15.2172	279.20508597156	1.00001235519886	1.00122519387722
78.9559160470963	439	0	14.4781	279.174877451787	1.00001153682232	1.00122444666386
78.9594750404358	153	0	18.1824	279.114446243141	1.00000989968538	1.00122295188665
78.9861619472504	149	0	18.2397	278.661306301596	0.999997623708248	1.00121174338579
79.0359770059586	156	0	18.1451	277.815453578839	0.999974708781242	1.00119082106113
79.0466519594193	32	0	19.9934	277.63419436357	0.99996979830265	1.00118633758068
79.0484310388565	92	0	19.0795	277.603985843797	0.999968979926109	1.00118559036732
79.0608849525452	115	0	18.7476	277.392520132911	0.999963251125813	1.00118035972357
79.0626640319824	146	0	18.2972	277.362311613138	0.999962432749271	1.0011796125102
79.0751179456711	103	0	18.9246	277.150845902252	0.999956703948975	1.00117438186646
79.0786759853363	320	0	15.9426	277.090430886862	0.999955067250729	1.0011728874898
79.0840139389038	177	0	17.8563	276.9997931826	0.999952611792087	1.0011706455493
79.0964679718018	407	0	14.8711	276.788325447557	0.999946882936954	1.00116541485548
79.1035839319229	146	0	18.2972	276.667497440934	0.999943609595299	1.00116242615223
79.1284919977188	185	0	17.7558	276.244561970849	0.999932151885033	1.0011519647646
79.1462839841843	518	0	13.6121	276.165174849796	0.99993	1.00115
79.1533999443054	388	0	15.1109	276.16519918638	0.99993	1.00115
79.1587369441986	122	0	18.6568	276.16521743892	0.99993	1.00115
79.1783080101013	109	0	18.8477	276.165284371965	0.99993	1.00115
79.1818659305573	289	0	16.3527	276.165296540053	0.99993	1.00115
79.1836450099945	121	0	18.6714	276.165302624505	0.99993	1.00115
79.1836450099945	113	0	18.7888	276.165302624505	0.99993	1.00115
79.1943199634552	115	0	18.7594	276.165339132845	0.99993	1.00115
79.2121109962463	245	0	16.9338	276.165399978178	0.99993	1.00115
79.2192280292511	89	0	19.1446	276.16542431843	0.99993	1.00115
79.2281240224838	314	0	16.0307	276.165454742727	0.99993	1.00115
79.2316819429398	210	1	17.4091	276.165466910815	0.99993	1.00115
79.233461022377	322	0	15.9288	276.165472995267	0.99993	1.00115
79.2476940155029	728	0	11.4855	276.165521672103	0.99993	1.00115
79.2565900087357	244	0	16.9472	276.1655520964	0.99993	1.00115
79.267264008522	245	0	16.9338	276.165588601479	0.99993	1.00115
79.2921719551086	137	0	18.4387	276.165673786657	0.99993	1.00115
79.3081849813461	175	1	17.8962	276.165728551207	0.99993	1.00115
79.3081849813461	70	0	19.4305	276.165728551207	0.99993	1.00115
79.3099639415741	412	1	14.8231	276.165734635251	0.99993	1.00115
79.3206379413605	221	0	17.2584	276.16577114033	0.99993	1.00115
79.322417974472	47	0	19.7815	276.165777228043	0.99993	1.00115
79.3241969347	213	0	17.3679	276.165783312087	0.99993	1.00115
79.3259760141373	197	0	17.5886	276.165789396539	0.99993	1.00115
79.3277549743652	184	0	17.7698	276.165795480583	0.99993	1.00115
79.3455460071564	371	2	15.3178	276.165856325915	0.99993	1.00115
79.3544420003891	112	0	18.8035	276.165886750212	0.99993	1.00115
79.3882449865341	449	0	14.3894	276.166002356424	0.99993	1.00115
79.4131529331207	201	0	17.5332	276.166087541602	0.99993	1.00115
79.4184910058975	91	0	19.1147	276.166105797811	0.99993	1.00115
79.4309450387955	87	0	19.1745	276.166148390603	0.99993	1.00115
79.4487359523773	476	0	14.0804	276.166209235528	0.99993	1.00115
79.4665269851685	256	0	16.7868	276.16627008086	0.99993	1.00115
79.4772019386292	90	0	19.1297	276.1663065892	0.99993	1.00115
79.4860979318619	48	0	19.7661	276.166337013497	0.99993	1.00115
79.4860979318619	104	0	18.9215	276.166337013497	0.99993	1.00115
79.5181219577789	111	0	18.8182	276.166446535666	0.99993	1.00115
79.5181219577789	85	0	19.2045	276.166446535666	0.99993	1.00115
79.5181219577789	124	0	18.6276	276.166446535666	0.99993	1.00115
79.5252389907837	101	0	18.966	276.166470875919	0.99993	1.00115
79.5448089838028	165	0	18.0376	276.166537805295	0.99993	1.00115
79.5697169303894	77	0	19.3247	276.166622990472	0.99993	1.00115
79.5732749700546	289	0	16.3527	276.166635158968	0.99993	1.00115
79.5875079631805	534	0	13.4376	276.166683835804	0.99993	1.00115
79.6052989959717	256	0	16.7868	276.166744681137	0.99993	1.00115
79.6070790290833	125	0	18.613	276.16675076885	0.99993	1.00115
79.6106369495392	99	0	18.9956	276.166762936938	0.99993	1.00115
79.6124160289764	365	0	15.3915	276.166769021389	0.99993	1.00115
79.6124160289764	405	1	14.9065	276.166769021389	0.99993	1.00115
79.6195329427719	314	0	16.0307	276.166793361235	0.99993	1.00115
79.6248699426651	260	0	16.7336	276.166811613774	0.99993	1.00115
79.6248699426651	288	0	16.3657	276.166811613774	0.99993	1.00115
79.6319869756699	79	0	19.2946	276.166835954027	0.99993	1.00115
79.6444399356842	445	0	14.4357	276.164150319216	0.99992526663065	1.00114752061605
79.6729069948196	157	0	18.1514	276.157356370883	0.999913310465813	1.00114125786304
79.6746859550476	417	2	14.7638	276.156931804235	0.999912563302517	1.00114086649179
79.6782439947128	65	1	19.5063	276.156082642488	0.999911068925858	1.00114008372307
79.683580994606	46	0	19.7969	276.154808914094	0.999908827385902	1.00113890958309
79.6889189481735	172	0	17.9385	276.153534958096	0.999906585445404	1.00113773523331
79.696035027504	70	0	19.4305	276.151836634603	0.999903596692085	1.00113616969585
79.7031519412994	305	0	16.1459	276.150138111956	0.999900607588291	1.00113460397482
79.7067099809647	258	0	16.7602	276.14928895021	0.999899113211632	1.00113382120609
79.7583049535751	80	0	19.2796	276.136975294046	0.999877443323135	1.00112247031212
79.7600840330124	165	0	18.0376	276.136550698948	0.999876696109772	1.00112207891464
79.7707589864731	157	0	18.1514	276.134003014555	0.999872212629318	1.00111973042488
79.7743170261383	301	0	16.1974	276.133153852808	0.999870718252659	1.00111894765615
79.7760959863663	98	0	19.0105	276.13272928616	0.999869971089363	1.0011185562849
79.7796540260315	119	0	18.7007	276.131880124414	0.999868476712704	1.00111777351618
79.784991979599	393	0	15.0505	276.130606168416	0.999866234772205	1.00111659916639
79.8010039329529	599	0	12.7502	276.126784755628	0.999859509751797	1.00111307653666
79.8116790056229	81	0	19.2645	276.124237042785	0.999855026221275	1.00111072802067
79.8134579658508	81	0	19.2645	276.123812476137	0.99985427905798	1.00111033664942
79.8152370452881	108	0	18.8624	276.123387881038	0.999853531844616	1.00110994525194
79.818794965744	48	0	19.7661	276.122538747742	0.999852037518024	1.00110916250944
79.8330199718475	380	0	15.2079	276.119143807786	0.999846063015461	1.0011060330081
79.8383569717407	292	0	16.3138	276.117870079391	0.999843821475506	1.00110485886812
79.8401359319687	97	0	19.0254	276.117445512743	0.99984307431221	1.00110446749687
79.8721590042114	161	0	18.0944	276.109802886322	0.999829624621868	1.00109742242098
79.9024029970169	121	0	18.6714	276.102584854999	0.99981692214489	1.00109076874256
79.9077409505844	66	0	19.4912	276.101310899	0.999814680204391	1.00108959439278
79.9112989902496	354	0	15.5273	276.100461737254	0.999813185827732	1.00108881162405
79.9166359901428	110	0	18.8329	276.099188008859	0.999810944287777	1.00108763748407
79.9379849433899	128	0	18.5693	276.094092867677	0.999801977727413	1.00108294071436
79.9593340158463	594	0	12.8019	276.088997698045	0.999793011116981	1.00107824391842
79.9842399358749	479	2	14.0465	276.083053651171	0.99978255063057	1.00107276461601
80.0287170410156	114	0	18.7741	276.072438745258	0.99976387024641	1.00106297965288
80.0287170410156	192	0	17.6581	276.072438745258	0.99976387024641	1.00106297965288
80.0678559541702	91	0	19.1147	276.063097852244	0.999747431902886	1.00105436909199
80.074972987175	490	0	13.9226	276.061399301147	0.999744442749024	1.00105280334473
80.074972987175	168	0	17.9951	276.061399301147	0.999744442749024	1.00105280334473
80.0820889472961	311	0	16.069	276.059701006105	0.999741454045773	1.0010512378335
80.0892050266266	234	0	17.0819	276.058002682612	0.999738465292454	1.00104967229605
80.0945420265198	203	0	17.5055	276.056728954217	0.999736223752499	1.00104849815607
80.1016589403152	126	0	18.5984	276.055030431571	0.999733234648705	1.00104693243504
80.1461349725723	134	0	18.4822	276.05755888423	0.999725185985565	1.00108382157803
80.1621470451355	65	0	19.5063	276.069969521432	0.999731590814591	1.00113794238329
80.1674840450287	544	0	13.3296	276.074106123309	0.999733725614548	1.00115598144293
80.2101819515228	200	0	17.547	276.107200416675	0.999750804777145	1.00130030036688
80.2101819515228	264	0	16.6806	276.107200416675	0.999750804777145	1.00130030036688
80.2119610309601	235	0	17.0684	276.108579345565	0.99975151640892	1.00130631365538
80.215518951416	122	0	18.6568	276.111337018552	0.999752939577103	1.00131833942652
80.2190769910812	237	0	17.0414	276.114094783936	0.999754362792969	1.00133036560059
80.2422050237656	74	0	19.37	276.132020859508	0.999763614006043	1.00140853835106
80.2422050237656	55	0	19.6588	276.132020859508	0.999763614006043	1.00140853835106
80.2439839839935	432	0	14.5872	276.133399696002	0.999764325590134	1.00141455123663
80.2671120166779	324	0	15.9035	276.151325771575	0.999773576803207	1.0014927239871
80.274227976799	107	0	18.8772	276.156841209946	0.999776423187256	1.00151677593231
80.274227976799	136	0	18.4532	276.156841209946	0.999776423187256	1.00151677593231
80.2902399301529	76	0	19.3398	276.169251754751	0.999782827968597	1.00157089633465
80.3098089694977	44	0	19.8277	276.184419325767	0.999790655584335	1.00163703968763
80.3293789625168	456	0	14.3087	276.199587635956	0.999798483581543	1.00170318626404
80.3382740020752	404	0	14.9185	276.206482003217	0.999802041597366	1.00173325149775
80.3471699953079	170	0	17.9668	276.213377109652	0.999805599994659	1.00176331995487
80.3542859554291	151	0	18.2372	276.218892548022	0.999808446378708	1.00178737190008
80.3774139881134	51	0	19.7201	276.236818623595	0.999817697591782	1.00186554465055
80.3898669481277	513	0	13.667	276.246470663843	0.999822678775787	1.0019076356554
80.3952039480209	289	0	16.3527	276.25060726572	0.999824813575745	1.00192567471504
80.41477394104	152	2	18.2229	276.26577557591	0.999832641572952	1.00199182129145
80.4236689805984	459	2	14.2742	276.272669943171	0.999836199588776	1.00202188652515
80.4361230134964	422	0	14.7047	276.282322814989	0.999841181201935	1.00206398115635
80.4574719667435	73	0	19.3851	276.298869961672	0.999849720783234	1.00213614061832
80.4752620458603	418	0	14.752	276.312658696194	0.99985683681488	1.00219627108574
80.4770410060883	133	0	18.4967	276.314037532687	0.999857548398972	1.00220228397131
80.484158039093	387	0	15.123	276.319553802628	0.999860395212174	1.00222633954287
80.485936999321	162	0	18.0802	276.320932639122	0.999861106796265	1.00223235242844
80.5037269592285	643	0	12.3043	276.334721281247	0.999868222780228	1.00229248249292
80.5179599523544	438	1	14.5171	276.345752989559	0.999873915977478	1.00234059000969
80.5179599523544	151	0	18.2372	276.345752989559	0.999873915977478	1.00234059000969
80.5286339521408	74	0	19.37	276.354026193314	0.999878185577393	1.00237666812897
80.5339720249176	684	0	11.9024	276.358163626761	0.999880320806503	1.00239471081495
80.5339720249176	314	2	16.0307	276.358163626761	0.999880320806503	1.00239471081495
80.544646024704	263	0	16.6939	276.366436830516	0.999884590406418	1.00243078893423
80.5499830245972	151	0	18.2372	276.370573432393	0.999886725206375	1.00244882799387
80.567773938179	344	0	15.6518	276.384362813692	0.999893841571808	1.00250896128178
80.5766689777374	112	0	18.8035	276.391257180953	0.999897399587631	1.00253902651548
80.5784479379654	181	0	17.8118	276.392636017447	0.999898111171722	1.00254503940105
80.5820059776306	906	0	9.94356	276.39539378283	0.999899534387588	1.00255706557512
80.5962389707565	203	0	17.5055	276.406425491142	0.999905227584839	1.00260517309189
80.6122499704361	324	0	15.9035	276.418835296774	0.999911631984711	1.00265929027081
80.6158080101013	157	0	18.1514	276.421593062158	0.999913055200577	1.00267131644487
80.6193670034409	296	0	16.262	276.424351566715	0.999914478797913	1.00268334584236
80.6211459636688	31	0	20.0289	276.425730403209	0.999915190382004	1.00268935872793
80.626482963562	108	0	18.8624	276.429867005086	0.999917325181961	1.00270739778757
80.6353780031204	378	0	15.2323	276.438190386362	0.999918940162659	1.00272461249351
80.6389360427856	102	0	18.9511	276.443250915017	0.999917232303619	1.00271593087673
80.6478320360184	184	0	17.7698	276.455903508272	0.999912962226868	1.00269422465324
80.6496109962463	80	0	19.2796	276.458433687825	0.999912108325958	1.00268988399029
80.6638430356979	84	0	19.2195	276.478675632896	0.999905276947021	1.00265515781403
80.6691809892654	584	1	12.9058	276.486267697496	0.999902714729309	1.00264213320732
80.6816339492798	130	0	18.5285	276.503979293466	0.999896737308502	1.00261174798489
80.6958659887314	50	0	19.7237	276.524221238537	0.999889905929566	1.00257702180862
80.697646021843	215	0	17.3287	276.526752944031	0.999889051513672	1.00257267852783
80.7047619819641	628	1	12.4436	276.536873831792	0.999885635852814	1.00255531558514
80.7100989818573	97	0	19.0136	276.54446454	0.999883074092865	1.0025422933054
80.7136570215225	138	0	18.4125	276.549525068655	0.999881366233826	1.00253361168861
80.7243319749832	391	0	15.0631	276.564707841463	0.999876242256165	1.00250756480217
80.7261109352112	100	0	18.969	276.567238021016	0.999875388355255	1.00250322413921
80.743901014328	748	0	11.2902	276.592540494742	0.999866849117279	1.00245981634617
80.745679974556	30	0	20.0328	276.595070674295	0.99986599521637	1.00245547568321
80.7954939603806	609	0	12.6365	276.665920110054	0.999842084503174	1.0023339295578
80.8150639533997	190	0	17.6742	276.693754119725	0.999832690906525	1.00228617877483
80.8221800327301	137	0	18.427	276.703875177035	0.999829275188446	1.00226881554127
80.8453079462051	225	0	17.1922	276.736769545813	0.999818173789978	1.00221238343239
80.8488659858704	74	0	19.3583	276.741830074468	0.999816465930939	1.00220370181561
80.8666570186615	36	0	19.9396	276.767133904586	0.999807926235199	1.00216029169559
80.8791099786758	154	0	18.1825	276.784845500555	0.999801948814392	1.00212990647316
80.8897650241852	128	0	18.5575	276.799999958682	0.999796834392548	1.00210390816212
80.8915439844131	163	0	18.0542	276.802530138235	0.999795980491638	1.00209956749916
80.8951020240784	223	0	17.2194	276.80759066689	0.999794272632599	1.00209088588238
80.9039980173111	517	0	13.6118	276.820243260145	0.999790002555847	1.00206917965889
80.9164519309998	163	0	18.0542	276.837956212506	0.999784024677277	1.00203879210949
80.9217889308929	119	0	18.689	276.845546920714	0.999781462917328	1.00202576982975
80.9217889308929	51	0	19.7084	276.845546920714	0.999781462917328	1.00202576982975
80.9342429637909	288	0	16.354	276.863260042624	0.999775484981537	1.00199538198948
80.9342429637909	514	0	13.6447	276.863260042624	0.999775484981537	1.00199538198948
80.9822789430618	287	0	16.367	276.931580655222	0.999752427711487	1.00187817420006
80.9911749362946	92	0	19.0881	276.944233248477	0.999748157634735	1.00185646797657
81.0231989622116	475	0	14.0804	276.989780380058	0.999732786102295	1.00177832935333
81.0231989622116	51	0	19.7084	276.989780380058	0.999732786102295	1.00177832935333
81.0445489883423	115	0	18.7476	277.020146095223	0.999722538089752	1.00172623528957
81.0570030212402	205	0	17.4662	277.037859217134	0.999716560153961	1.0016958474493
81.0641189813614	109	0	18.8359	277.047980104895	0.999713144493103	1.00167848450661
81.0694569349289	563	2	13.1155	277.055572169495	0.999710582275391	1.0016654598999
81.0712360143661	584	0	12.8947	277.058102518597	0.999709728317261	1.00166111894608
81.0730149745941	438	0	14.5056	277.06063269815	0.999708874416351	1.00165677828312
81.0765730142593	159	0	18.1111	277.065693226805	0.999707166557312	1.00164809666634
81.0801320075989	93	0	19.0732	277.070755111852	0.999705458240509	1.00163941272259
81.0819109678268	181	1	17.8001	277.073285291405	0.9997046043396	1.00163507205963
81.0925860404968	54	0	19.6624	277.088468233762	0.999699480304718	1.00160902488232
81.1103769540787	209	0	17.411	277.113771894331	0.999690940666199	1.00156561505318
81.1210520267487	121	0	18.6597	277.128954836688	0.999685816631317	1.00153956787586
81.1281679868698	29	0	20.0484	277.139075724449	0.999682400970459	1.00152220493317
81.1424009799957	174	0	17.8985	277.162324630179	0.999684061627388	1.0014989228344
81.1441799402237	410	0	14.8354	277.165434039183	0.999684844369888	1.00149678808212
81.1495180130005	86	0	19.1778	277.174764349828	0.99968719312191	1.00149038239479
81.1512969732285	405	0	14.895	277.177873758831	0.99968797586441	1.00148824764252
81.1744259595871	90	0	19.1179	277.218300451508	0.999698152618408	1.00146049285889
81.186879992485	177	2	17.8563	277.240068606529	0.999703632392883	1.00144554801941
81.1922169923782	126	0	18.5867	277.249397041903	0.999705980672836	1.00143914361954
81.2242410182953	96	0	19.0285	277.305371196322	0.99972007124424	1.00140071478844
81.2313579320908	108	2	18.8507	277.317810707607	0.99972320268631	1.00139217449188
81.2544870376587	471	0	14.1258	277.358237608647	0.99973337949276	1.0013644195652
81.2651610374451	105	1	18.895	277.376894479394	0.999738076052666	1.00135161076546
81.266939997673	173	0	17.9126	277.380003888397	0.999738858795166	1.00134947601318
81.2687200307846	152	0	18.2111	277.383115172672	0.999739642009735	1.00134733997345
81.2776149511337	237	0	17.0296	277.398662426052	0.999743555774689	1.00133666606903
81.3114190101624	162	0	18.0684	277.457747864747	0.999758429560661	1.0012961011982
81.3274309635162	325	0	15.8791	277.485734837775	0.999765474820137	1.00127688685417
81.334547996521	55	0	19.6471	277.498174557424	0.999768606314659	1.00126834641457
81.3594549894333	272	0	16.5543	277.541708992195	0.999779565391541	1.00123845802307
81.366572022438	134	0	18.4617	277.554148711843	0.999782696886063	1.00122991758347
81.3772469758987	69	0	19.4254	277.572807249498	0.999787393865585	1.00121710763931
81.3861420154572	137	0	18.4182	277.588354711242	0.999791307682991	1.00120643359184
81.4003750085831	116	0	18.7243	277.613232275267	0.999797570199966	1.00118935400009
81.4217250347137	96	0	19.0199	277.65054955894	0.999806964211464	1.00116373396873
81.4377369880676	126	0	18.578	277.678536531968	0.99981400947094	1.00114451962471
81.4911110401154	105	0	18.8864	277.771827970061	0.999837494053841	1.00108047076225
81.5000070333481	268	0	16.607	277.787377098713	0.999841408290863	1.00106979557037
81.5106819868088	499	0	13.8016	277.806035636368	0.999846105270386	1.00105698562622
81.5195770263672	127	0	18.5634	277.821583098111	0.999850019087791	1.00104631157875
81.5213559865952	259	0	16.7262	277.824692507114	0.999850801830292	1.00104417682648
81.5266939401627	571	0	13.0219	277.834022609396	0.999853150529861	1.0010377712822
81.5284730195999	82	0	19.2292	277.837132226763	0.999853933324814	1.00103563638687
81.5302519798279	667	0	12.0476	277.840241635766	0.999854716067314	1.0010335016346
81.5373690128326	826	0	10.5896	277.852681355414	0.999857847561836	1.00102496119499
81.549821972847	164	0	18.0312	277.874447635164	0.999863326864243	1.00101001764297
81.5871839523315	97	0	19.005	277.939751891866	0.999879766135216	1.00096518326759
81.6298829317093	56	0	19.6234	278.014384583941	0.999898553686142	1.00091394449234
81.6352210044861	185	0	17.7352	278.023426934772	0.999899261641502	1.00091283037424
81.65123295784	140	0	18.3749	278.049165829549	0.999893497338295	1.00093492686987
81.6565699577332	329	0	15.8195	278.057744950137	0.999891576018333	1.00094229192972
81.6690239906311	203	2	17.4849	278.07776455894	0.99988709256649	1.00095947849512
81.6814780235291	237	0	17.0207	278.097784167743	0.999882609114647	1.00097666506052
81.6868159770966	132	0	18.4907	278.106364821343	0.999880687451363	1.00098403143644
81.7028279304504	703	2	11.7009	278.132103716121	0.999874923148155	1.00100612793207
81.7081649303436	292	0	16.293	278.140682836709	0.999873001828194	1.00101349299192
81.7099440097809	121	0	18.651	278.143542671323	0.999872361359596	1.00101594812155
81.7135030031204	122	0	18.6364	278.149263681936	0.999871080121994	1.00102085953236
81.7223980426788	317	0	15.9717	278.163562280126	0.999867877907753	1.00103313468695
81.7223980426788	224	0	17.1968	278.163562280126	0.999867877907753	1.00103313468695
81.7401900291443	449	0	14.3688	278.192162542529	0.999861472792625	1.00105768762827
81.7419689893723	31	0	20.0089	278.195022185516	0.999860832366943	1.00106014259338
81.7490849494934	152	0	18.2023	278.206460949092	0.9998582706213	1.00106996261835
81.7615389823914	143	0	18.3316	278.226480557895	0.999853787169456	1.00108714918375
81.7650970220566	145	0	18.3028	278.232200035496	0.999852506275177	1.00109205927849
81.78466796875	135	0	18.4472	278.263659940886	0.999845460734367	1.00111906718493
81.786446928978	146	0	18.2884	278.266519583874	0.999844820308685	1.00112152215004
81.8042379617691	92	1	19.0795	278.295118313265	0.99983841553688	1.00114607377529
81.829146027565	246	0	16.8996	278.33515753087	0.999829448633194	1.00118044690609
81.8362629413605	448	0	14.3804	278.346597827458	0.999826886544228	1.00119026824713
81.8380420207977	126	0	18.578	278.349457662072	0.99982624607563	1.00119272337675
81.8398209810257	76	0	19.3196	278.352317305059	0.999825605649948	1.00119517834187
81.8433790206909	139	1	18.3893	278.35803678266	0.999824324755669	1.0012000884366
81.8451579809189	109	0	18.8273	278.360896425648	0.999823684329987	1.00120254340172
81.8540539741516	460	2	14.2422	278.375196556849	0.999820481772423	1.00121481987238
81.8593909740448	106	1	18.8716	278.383775677438	0.999818560452461	1.00122218493223
81.8647290468216	153	0	18.188	278.392356522665	0.999816638746262	1.00122955147266
81.8842990398407	52	0	19.6846	278.423814895043	0.999809593548775	1.00125655806303
81.8949739933014	151	0	18.2167	278.440974669232	0.999805750565529	1.00127128949881
81.8949739933014	381	0	15.1751	278.440974669232	0.999805750565529	1.00127128949881
81.8967529535294	482	0	13.9921	278.44383431222	0.999805110139847	1.00127374446392
81.9145439863205	319	0	15.9462	278.472433041611	0.999798705368042	1.00129829608917
81.9269980192184	233	0	17.0747	278.492452650413	0.999794221916199	1.00131548265457
81.9287779331207	80	0	19.2593	278.495313826413	0.999793581147194	1.00131793893576
81.930557012558	491	0	13.891	278.498173661027	0.999792940678597	1.00132039406538
81.9465689659119	121	0	18.6456	278.523912555804	0.999787176375389	1.00134249056101
81.9714330434799	160	0	18.0824	278.563881063213	0.999778225307465	1.00137680298805
81.9821070432663	180	0	17.7995	278.58103930439	0.999774382667542	1.00139153310776
81.9892239570618	505	0	13.7281	278.592479600978	0.999771820578575	1.0014013544488
82.0070149898529	38	0	19.8954	278.621078330369	0.99976541580677	1.00142590607405
82.0070149898529	108	0	18.8367	278.621078330369	0.99976541580677	1.00142590607405
82.0087939500809	44	0	19.8027	278.623937973356	0.999764775381088	1.00142836103916
82.0087939500809	30	0	20.0196	278.623937973356	0.999764775381088	1.00142836103916
82.0105730295181	55	1	19.6336	278.62679780797	0.999764134912491	1.00143081616879
82.0123529434204	31	0	20.0041	278.62965898397	0.999763494143486	1.00143327244997
82.0230269432068	23	0	20.1289	278.646817225146	0.999759651503563	1.00144800256968
82.0265859365463	26	0	20.082	278.65253823576	0.999758370265961	1.00145291398048
82.0283650159836	30	0	20.0196	278.655398070374	0.999757729797363	1.00145536911011
82.0301439762115	31	0	20.0041	278.658257713361	0.999757089371681	1.00145782407522
82.0301439762115	59	2	19.5725	278.658257713361	0.999757089371681	1.00145782407522
82.0301439762115	182	0	17.7714	278.658257713361	0.999757089371681	1.00145782407522
82.0319229364395	21	0	20.1602	278.661117356348	0.999756448945999	1.00146027904034
82.0319229364395	664	0	12.0699	278.661117356348	0.999756448945999	1.00146027904034
82.0390399694443	64	2	19.4963	278.672557844563	0.999753886814117	1.00147010054588
82.0408189296722	83	2	19.209	278.67541748755	0.999753246388435	1.001472555511
82.0425980091095	75	0	19.3295	278.678277322164	0.999752605919838	1.00147501064062
82.0425980091095	68	2	19.4355	278.678277322164	0.999752605919838	1.00147501064062
82.0443769693375	37	0	19.9109	278.681136965151	0.999751965494156	1.00147746560574
82.0461559295654	42	0	19.8335	278.683996608138	0.999751325068474	1.00147992057085
82.0479350090027	38	0	19.8954	278.686856442752	0.999750684599876	1.00148237570047
82.0497139692307	426	0	14.6302	278.689716085739	0.999750044174194	1.00148483066559
82.0497139692307	37	0	19.9109	278.689716085739	0.999750044174194	1.00148483066559
82.0514940023422	35	0	19.9419	278.692577453365	0.999749403362274	1.00148728711128
82.0532729625702	30	0	20.0196	278.695437096353	0.999748762936592	1.0014897420764
82.0550520420074	34	0	19.9574	278.698296930966	0.999748122467995	1.00149219720602
82.0586099624634	28	0	20.0508	278.704016216941	0.999746841616631	1.00149710713625
82.0603890419006	28	0	20.0508	278.706876051555	0.999746201148033	1.00149956226587
82.0639469623566	31	0	20.0041	278.712595337529	0.999744920296669	1.0015044721961
82.0692850351334	893	2	10.0231	278.721176182756	0.999742998590469	1.00151183873653
82.0692850351334	28	0	20.0508	278.721176182756	0.999742998590469	1.00151183873653
82.0799599885941	86	0	19.164	278.738335956945	0.999739155607224	1.00152657017231
82.0852969884872	254	0	16.7865	278.746915077534	0.999737234287262	1.00153393523216
82.0977510213852	78	0	19.2842	278.766934686337	0.999732750835419	1.00155112179756
82.0977510213852	82	0	19.224	278.766934686337	0.999732750835419	1.00155112179756
82.0995299816132	194	0	17.6038	278.769794329324	0.999732110409737	1.00155357676268
82.1226589679718	148	0	18.2541	278.806973712316	0.999723783974648	1.00158549476385
82.1529040336609	68	0	19.4355	278.858695423281	0.9997148691535	1.001613419137
82.1529040336609	150	0	18.2254	278.858695423281	0.9997148691535	1.001613419137
82.1618000268936	92	0	19.0742	278.874394538379	0.999712556195259	1.0016194684124
82.1706949472427	103	0	18.9106	278.890091760116	0.999710243515968	1.00162551695824
82.1849279403687	118	0	18.6895	278.915209292405	0.999706542937756	1.00163519539356
82.2098360061646	34	0	19.9574	278.959165552437	0.999700066840649	1.0016521328783
82.2151739597321	171	0	17.9263	278.968585652616	0.999698678972721	1.00165576268673
82.2240689992905	291	0	16.2997	278.984283084726	0.999696366262436	1.00166181131363
82.2685480117798	159	0	18.0967	279.062776977227	0.999684801719189	1.00169205704212
82.2685480117798	225	0	17.1772	279.062776977227	0.999684801719189	1.00169205704212
82.2845599651337	110	0	18.8072	279.091033911788	0.999680638611317	1.0017029451704
82.2934550046921	195	0	17.5899	279.106731343899	0.999678325901032	1.0017089937973
82.3023509979248	66	0	19.4659	279.122430458996	0.999676012942791	1.0017150430727
82.3041299581528	75	0	19.3295	279.125569861269	0.999675550413132	1.00171625276566
82.3094680309296	67	0	19.4507	279.134990171821	0.99967416251421	1.00171988265514
82.3414919376373	158	0	18.1109	279.191504040945	0.999665836298466	1.0017416589117
82.3646210432053	561	0	13.1206	279.232320898705	0.999659822731018	1.00175738670349
82.3770749568939	358	0	15.4505	279.254298818347	0.999656584713459	1.0017658553648
82.3806329965591	236	0	17.0281	279.260577833266	0.999655659623146	1.00176827483177
82.3913079500198	125	0	18.5871	279.279416350636	0.999652884135246	1.00177553380013
82.4162160158157	331	0	15.7878	279.323372610669	0.999646408038139	1.00179247128487
82.4215530157089	146	0	18.2828	279.332791027861	0.999645020418167	1.00179610044479
82.4375649690628	97	0	18.9997	279.361047962422	0.999640857310295	1.00180698857307
82.4606939554214	21	0	20.1602	279.401864609809	0.999634843773842	1.0018227162838
82.4678100347519	127	0	18.5579	279.414422639646	0.999632993593216	1.00182755521774
82.4767060279846	112	2	18.7777	279.430121754744	0.999630680634975	1.00183360449314
82.4784849882126	203	2	17.479	279.433261157017	0.999630218105316	1.0018348141861
82.4856020212173	141	0	18.3549	279.445820869842	0.999628367676735	1.00183965376854
82.5176260471344	55	0	19.6321	279.502334949338	0.999620041429996	1.00186143010616
82.5176260471344	115	0	18.7314	279.502334949338	0.999620041429996	1.00186143010616
82.5265220403671	120	0	18.658	279.518034064436	0.999617728471756	1.00186747938156
82.5389759540558	137	0	18.4104	279.540011984079	0.999614490454197	1.00187594804287
82.5585459470749	113	0	18.7609	279.574547933559	0.999609402256012	1.00188925563812
82.5603250265121	219	0	17.256	279.577687546205	0.999608939695358	1.00189046541214
82.6332700252533	682	0	11.8898	279.706441291397	0.999590080013275	1.00193990198374
82.6403859853745	123	0	18.6141	279.720762730417	0.999595772781372	1.00193292834282
82.6652939319611	647	0	12.2325	279.770891965559	0.999615699138641	1.00190851855516
82.6688519716263	150	0	18.2229	279.778052805028	0.999618545570374	1.00190503167629
82.677747964859	115	0	18.7314	279.795956703088	0.99962566236496	1.00189631360292
82.677747964859	85	0	19.1772	279.795956703088	0.99962566236496	1.00189631360292
82.6955389976501	148	0	18.2517	279.831762579863	0.999639895191193	1.00187887839079
82.7044349908829	149	0	18.2373	279.849666477923	0.999647011985779	1.00187016031742
82.724004983902	154	0	18.1656	279.889052654474	0.999662667980194	1.00185098172426
82.724004983902	120	0	18.658	279.889052654474	0.999662667980194	1.00185098172426
82.7417969703674	103	0	18.9086	279.924860450594	0.999676901569366	1.00183354557753
82.7542510032654	158	0	18.1084	279.949925188124	0.999686864795685	1.00182134062529
82.7844959497452	74	0	19.3429	280.010795562511	0.999711060752869	1.00179170057774
82.8076239824295	414	0	14.7678	280.05734257853	0.999729563179016	1.00176903510571
82.8218579292297	504	1	13.7346	280.085989535182	0.999740950336456	1.00175508583784
82.8681149482727	62	0	19.5251	280.179085486567	0.999777955951691	1.00170975395918
82.8716729879379	109	0	18.8199	280.186246326036	0.999780802383423	1.00170626708031
82.8823479413986	98	0	18.9829	280.207730523872	0.999789342346191	1.00169580562592
82.8965809345245	196	0	17.5732	280.236375561178	0.999800728740692	1.00168185729265
82.9001389741898	310	0	16.051	280.243536400647	0.999803575172424	1.00167837041378
82.9268260002136	270	0	16.5711	280.297246175482	0.999824924793243	1.00165221712828
82.9268260002136	243	0	16.9306	280.297246175482	0.999824924793243	1.00165221712828
82.9410589933395	142	0	18.3381	280.325891212788	0.999836311187744	1.00163826879501
82.9499549865723	167	0	17.9804	280.343795110848	0.99984342798233	1.00162955072165
82.9517339468002	344	0	15.6207	280.347375410624	0.999844851150513	1.00162780734062
82.960629940033	451	0	14.3345	280.365279308684	0.999851967945099	1.00161908926725
82.9748629331589	74	0	19.3429	280.393924345989	0.9998633543396	1.00160514093399
82.9748629331589	72	0	19.3732	280.393924345989	0.9998633543396	1.00160514093399
82.9766420125961	106	0	18.8642	280.397504885683	0.999864777603149	1.00160339743614
82.9766420125961	120	0	18.658	280.397504885683	0.999864777603149	1.00160339743614
82.9819790124893	127	0	18.5557	280.408246024928	0.999869047203064	1.00159816717625
82.9855380058289	495	0	13.8348	280.415408783743	0.999871894397736	1.00159467936277
82.9962120056152	245	0	16.9037	280.436891062233	0.999880433597565	1.00158421884298
82.9962120056152	74	0	19.3429	280.436891062233	0.999880433597565	1.00158421884298
83.005107998848	123	0	18.6141	280.454794960294	0.999887550392151	1.00157550076962
83.0086660385132	143	0	18.3237	280.461955799763	0.999890396823883	1.00157201389074
83.0140039920807	91	0	19.0873	280.472698858354	0.999894667186737	1.00156678269625
83.0157829523087	121	0	18.6434	280.47627915813	0.999896090354919	1.00156503931522
83.0353239774704	552	0	13.2092	280.51560703455	0.999911723175049	1.00154588911057
83.0406619310379	178	0	17.8255	280.526350093141	0.999915993537903	1.00154065791607
83.0459989309311	155	0	18.1522	280.537091232386	0.999920263137817	1.00153542765617
83.0477780103683	129	0	18.5277	280.540671772079	0.999921686401367	1.00153368415833
83.0548950433731	175	0	17.8678	280.554995370364	0.999927380027771	1.00152670946598
83.058452963829	467	0	14.1489	280.562155969915	0.999930226364136	1.00152322270393
83.0815819501877	108	0	18.8361	280.608704905281	0.999948729553223	1.0015005562973
83.0833610296249	133	0	18.4695	280.612285444975	0.999950152816772	1.00149881279945
83.0940359830856	454	0	14.298	280.633769642811	0.999958692779541	1.00148835134506
83.0958149433136	32	0	19.9897	280.637349942586	0.999960115947723	1.00148660796404
83.1189429759979	64	0	19.4967	280.683896958606	0.999978618373871	1.00146394249201
83.1189429759979	268	0	16.5971	280.683896958606	0.999978618373871	1.00146394249201
83.1242809295654	61	0	19.5425	280.694640017197	0.999982888736725	1.00145871129751
83.1705379486084	129	0	18.5277	280.767817361872	0.999963095083237	1.00153519890308
83.1705379486084	237	0	17.0114	280.767817361872	0.999963095083237	1.00153519890308
83.1901090145111	67	0	19.451	280.796773536718	0.999949003915787	1.00157982093334
83.1918879747391	630	0	12.3994	280.799405579534	0.999947723064423	1.00158387696266
83.1972249746323	178	0	17.8255	280.807301884356	0.9999438804245	1.00159604532242
83.2114579677582	136	0	18.426	280.828360167005	0.999933632669449	1.00162849654675
83.216796040535	137	0	18.4115	280.836258059201	0.99992978925705	1.00164066735268
83.2185750007629	117	0	18.7034	280.838890102017	0.999928508405685	1.001644723382
83.2328079938889	81	0	19.2391	280.859948384666	0.999918260650635	1.00167717460632
83.2345869541168	201	0	17.5041	280.862580427482	0.999916979799271	1.00168123063564
83.2363660335541	149	2	18.2382	280.865212646673	0.999915698862076	1.00168528693676
83.2417039871216	418	0	14.7187	280.873110362494	0.999911855535507	1.00169745747089
83.2452620267868	154	1	18.1665	280.8783746245	0.999909293746948	1.00170556980133
83.2648320198059	86	0	19.1639	280.907329211972	0.999895203351975	1.00175018938541
83.2790650129318	129	0	18.5277	280.928387494621	0.999884955596924	1.00178264060974
83.2826240062714	219	0	17.2562	280.933653167627	0.999882393121719	1.00179075511456
83.2844029664993	113	0	18.7623	280.936285210443	0.999881112270355	1.00179481114388
83.2950769662857	213	0	17.3385	280.952077820086	0.999873426990509	1.00181914786339
83.2950769662857	439	0	14.4719	280.952077820086	0.999873426990509	1.00181914786339
83.3039729595184	162	0	18.0522	280.965239797914	0.999867021875381	1.00183943072796
83.3110899925232	105	0	18.8805	280.975769732926	0.999861897611618	1.00185565756321
83.3182059526443	210	0	17.3798	280.986298080564	0.999856774120331	1.00187188195229
83.3253229856491	175	0	17.8678	280.996828015575	0.999851649856567	1.00188810878754
83.339555978775	234	0	17.052	281.017886298225	0.999841402101517	1.00192056001186
83.341334939003	153	0	18.1808	281.020518341041	0.999840121250153	1.00192461604118
83.3502309322357	410	1	14.8138	281.033680318868	0.999833716135025	1.00194489890575
83.3644640445709	228	0	17.1334	281.054738777893	0.999823468294144	1.00197735040188
83.3715800046921	120	0	18.6593	281.06526712553	0.999818344802856	1.00199357479095
83.4053839445114	97	0	18.9994	281.115281406651	0.999794005966187	1.00207064777374
83.4427449703217	258	0	16.7297	281.170558538778	0.999767106027603	1.00215583091259
83.4623160362244	184	0	17.7412	281.199514713624	0.999753014860153	1.00220045294285
83.4658739566803	105	2	18.8805	281.204778799255	0.999750453157425	1.00220856500149
83.4676530361176	269	2	16.5839	281.207411018445	0.99974917222023	1.0022126213026
83.4694319963455	60	0	19.5577	281.210043061261	0.999747891368866	1.00221667733192
83.4907820224762	23	0	20.1303	281.241631278923	0.999732519350052	1.0022653553915
83.5014569759369	304	0	16.1274	281.257425299566	0.99972483338356	1.00228969428539
83.5103520154953	196	0	17.5736	281.270585866394	0.999718428955078	1.00230997497559
83.5245850086212	113	0	18.7623	281.291644149044	0.999708181200027	1.00234242619991
83.5388180017471	83	0	19.209	281.312702431693	0.999697933444977	1.00237487742424
83.5405980348587	104	0	18.8953	281.315336061883	0.999696651821137	1.00237893589973
83.5868549346924	175	0	17.8678	281.383774995463	0.999663346853256	1.00248440163136
83.5921930074692	359	0	15.433	281.391672887659	0.999659503440857	1.00249657243729
83.6153210401535	389	0	15.0659	281.425891737137	0.999642851257324	1.00254930435181
83.620658993721	210	0	17.3798	281.433789452958	0.999639007930756	1.00256147488594
83.622437953949	278	0	16.4654	281.436421495774	0.999637727079391	1.00256553091526
83.6259959936142	496	0	13.8214	281.44168575778	0.999635165290833	1.0025736432457
83.6295540332794	93	0	19.0591	281.446950019786	0.999632603502274	1.00258175557613
83.6402289867401	272	0	16.5443	281.459975932765	0.999633670668602	1.00257531732559
83.6437870264053	100	0	18.9547	281.463844945097	0.999635520849228	1.00256791660309
83.6473460197449	160	0	18.0807	281.467714994454	0.999637371525764	1.00256051389694
83.654461979866	127	0	18.5569	281.47545288949	0.999641071825027	1.00254571269989
83.6580200195312	108	0	18.8361	281.479321901822	0.999642922005653	1.00253831197739
83.6722539663315	242	0	16.944	281.494799895573	0.99965032365799	1.00250870536804
83.7007199525833	98	0	18.9897	281.525753809023	0.99966512597084	1.00244949611664
83.7202899456024	392	0	15.031	281.547034219432	0.99967530236721	1.00240879053116
83.7238479852676	169	0	17.9569	281.550903231764	0.999677152547836	1.00240138980865
83.7238479852676	117	0	18.7083	281.550903231764	0.999677152547836	1.00240138980865
83.7380809783936	78	0	19.2899	281.566380188489	0.999684553704262	1.00237178518295
83.7398599386215	167	0	17.9853	281.568314629841	0.99968547876358	1.00236808494568
83.7398599386215	187	0	17.703	281.568314629841	0.99968547876358	1.00236808494568
83.755872964859	124	0	18.6056	281.585727194571	0.999693805537224	1.0023347778511
83.7594310045242	83	0	19.2145	281.589596206903	0.99969565571785	1.0023273771286
83.7718850374222	90	1	19.1093	281.603138722277	0.999702131814957	1.00230147274017
83.7985719442368	104	0	18.9005	281.632158064747	0.9997160090065	1.002245963974
83.802129983902	445	0	14.4029	281.636027077079	0.999717859187126	1.0022385632515
83.8110259771347	209	0	17.3971	281.64570058012	0.999722485103607	1.00222005958557
83.8181419372559	348	0	15.5715	281.653438475156	0.99972618540287	1.00220525838852
83.8377130031586	456	0	14.2756	281.674720052218	0.99973636235714	1.00216455057144
83.8394919633865	474	0	14.0696	281.67665449357	0.999737287416458	1.00216085033417
83.846608042717	51	0	19.7018	281.684392518234	0.99974098777771	1.00214604888916
83.8519459962845	236	2	17.0281	281.690197008944	0.999743763513565	1.00213494594574
83.8555040359497	102	0	18.9302	281.694066021275	0.999745613694191	1.00212754522324
83.8626209497452	118	0	18.6936	281.701804953337	0.999749314489365	1.00211274204254
83.8626209497452	573	0	12.9859	281.701804953337	0.999749314489365	1.00211274204254
83.8697370290756	289	0	16.3241	281.709542978001	0.999753014850616	1.00209794059753
83.9231109619141	117	0	18.7083	281.767581792569	0.999780769295692	1.00198692281723
83.9284479618073	116	0	18.7231	281.773385246253	0.999783544535637	1.00197582185745
83.9551349878311	124	0	18.6056	281.802404718351	0.999797421789169	1.00192031284332
83.9622520208359	93	0	19.0644	281.810143780041	0.999801122646332	1.00190550941467
83.9907180070877	175	0	17.8719	281.841097693491	0.999815924959183	1.00184630016327
83.9960550069809	418	1	14.7197	281.846901147175	0.999818700199127	1.00183519920349
83.9978350400925	243	0	16.9336	281.84883675518	0.999819625816345	1.00183149673462
84.0067299604416	118	0	18.6936	281.858509091568	0.999824251174927	1.00181299530029
84.036975979805	70	0	19.4112	281.891398613024	0.999839979104996	1.00175008358002
84.0440919399261	360	0	15.4223	281.899136508059	0.999843679404259	1.00173528238297
84.0512089729309	212	0	17.3557	281.906875569749	0.999847380261421	1.00172047895432
84.0583249330521	169	0	17.9569	281.914613464785	0.999851080560684	1.00170567775726
84.069000005722	85	1	19.1844	281.926221538806	0.999856631598473	1.00168347360611
84.069000005722	95	0	19.0345	281.926221538806	0.999856631598473	1.00168347360611
84.07077896595	136	0	18.4306	281.928155980158	0.999857556657791	1.00167977336884
84.0867910385132	412	0	14.791	281.945567507863	0.999865882935524	1.0016464682579
84.1029089689255	463	0	14.1952	281.963094145393	0.999874264259338	1.00161294296265
84.1171419620514	350	0	15.5465	281.978571102118	0.999881665415764	1.00158333833694
84.1171419620514	322	0	15.8992	281.978571102118	0.999881665415764	1.00158333833694
84.1242589950562	91	0	19.0943	281.986310163808	0.999885366272926	1.00156853490829
84.1420500278473	197	0	17.5634	282.006991687751	0.999891598403454	1.00155355200768
84.15094602108	109	0	18.8264	282.018003148174	0.999893199682236	1.00155711040497
84.1580619812012	78	0	19.2899	282.026811283612	0.999894480555057	1.00155995678902
84.1580619812012	88	0	19.1393	282.026811283612	0.999894480555057	1.00155995678902
84.2399020195007	74	0	19.3505	282.128112883019	0.999909211761951	1.00159269280434
84.2416809797287	166	0	17.9995	282.13031487999	0.999909531974792	1.00159340438843
84.2523559331894	621	0	12.4896	282.143528337383	0.999911453466415	1.00159767436981
84.2594729661942	87	1	19.1543	282.152337800837	0.999912734532356	1.00160052118301
84.2665890455246	140	0	18.3726	282.161146083832	0.999914015426636	1.00160336761475
84.2826009988785	151	0	18.2139	282.180965679693	0.999916897578239	1.00160977239609
84.286159992218	65	0	19.4873	282.185371001649	0.999917538197041	1.00161119599342
84.2897180318832	469	0	14.1266	282.189775143147	0.99991817864418	1.00161261920929
84.2914969921112	219	2	17.2596	282.191977140117	0.999918498857021	1.00161333079338
84.2968349456787	93	0	19.0644	282.198584459043	0.999919459688663	1.00161546597481
84.3003929853439	286	0	16.3632	282.20298860054	0.999920100135803	1.00161688919067
84.3039510250092	122	0	18.6349	282.207392742038	0.999920740582943	1.00161831240654
84.3110679388046	142	0	18.3437	282.216202057934	0.999922021627426	1.00162115917206
84.332417011261	141	0	18.3581	282.24262793982	0.999925864460468	1.00162969880104
84.3733370304108	209	0	17.3971	282.293278739524	0.999933230063915	1.0016460668087
84.3786749839783	127	0	18.5617	282.29988605845	0.999934190895557	1.00164820199013
84.3982449769974	119	1	18.6789	282.324109795809	0.999937713494301	1.00165602998734
84.4373860359192	327	2	15.8357	282.372558598542	0.999944758884907	1.0016716864109
84.4640729427338	422	1	14.6724	282.405591651797	0.999949562528133	1.00168236117363
84.467630982399	104	0	18.9005	282.409995793295	0.999950202975273	1.0016837843895
84.4747480154037	104	0	18.9005	282.418805256748	0.999951484041214	1.0016866312027
84.4925389289856	197	0	17.5634	282.44082684958	0.999954686405659	1.00169374756813
84.4943180084229	460	0	14.2296	282.443028994107	0.999955006639957	1.00169445919991
84.5014350414276	89	0	19.1243	282.451838457561	0.999956287705898	1.00169730601311
84.5103299617767	136	0	18.4306	282.462848589969	0.999957888791561	1.00170086398125
84.5121099948883	83	0	19.2145	282.465051914954	0.999958209197521	1.00170157599449
84.5156680345535	30	0	20.0274	282.469456056452	0.999958849644661	1.00170299921036
84.5227839946747	192	0	17.6331	282.47826419189	0.999960130517483	1.00170584559441
84.5352380275726	151	0	18.2139	282.493679793811	0.999962372243404	1.00171082720757
84.5512499809265	238	0	17.0076	282.513499389672	0.999965254395008	1.00171723198891
84.5530300140381	116	0	18.7319	282.515702714658	0.999965574800968	1.00171794400215
84.5619249343872	146	0	18.2941	282.526712847066	0.999967175886631	1.00172150197029
84.5743789672852	538	0	13.3621	282.542128448987	0.999969417612553	1.00172648358345
84.5903910398483	201	0	17.515	282.561948192406	0.999972299785614	1.00173288841248
84.6081830263138	111	0	18.8057	282.583971113253	0.999975502343178	1.00174000520706
84.6188579797745	58	0	19.6043	282.597184570646	0.999977423834801	1.00174427518845
84.6366490125656	65	0	19.4972	282.615626068115	0.999979095458984	1.00174735595703
84.6419860124588	109	2	18.8353	282.616739899993	0.999977707839012	1.00174329983711
84.6526609659195	667	0	12.0324	282.61896776278	0.999974932351112	1.00173518687248
84.6562190055847	402	0	14.9146	282.619710325658	0.999974007260799	1.00173248276234
84.6722309589386	70	0	19.4209	282.623052020323	0.999969844152927	1.00172031367779
84.6811269521713	413	0	14.783	282.624908614111	0.999967531194687	1.00171355272293
84.6846849918365	146	0	18.2941	282.625651176989	0.999966606104374	1.00171084861279
84.6953599452972	150	0	18.2364	282.627879039776	0.999963830616474	1.00170273564816
84.7220469713211	42	0	19.8511	282.633448622107	0.999956891989708	1.00168245350838
84.7327220439911	89	0	19.1337	282.635676509774	0.999954116470814	1.00167434045315
84.736279964447	126	0	18.5849	282.636419047773	0.999953191411495	1.0016716364336
84.7505129575729	498	0	13.8022	282.639389473438	0.999949490833282	1.00166081935883
84.7700840234756	75	0	19.345	282.643473954892	0.999944402356148	1.00164594534874
84.7736419439316	137	0	18.4245	282.644216492891	0.999943477296829	1.00164324132919
84.7754210233688	122	0	18.6436	282.64458778677	0.999943014736176	1.00164188922882
84.7985500097275	45	0	19.8046	282.649414806223	0.999937001199722	1.00162431119919
84.8003289699554	38	0	19.9132	282.649786075222	0.999936538670063	1.00162295918942
84.8003289699554	35	0	19.9599	282.649786075222	0.999936538670063	1.00162295918942
84.8021079301834	29	0	20.0536	282.650157344222	0.999936076140404	1.00162160717964
84.8038870096207	32	0	20.0067	282.650528638101	0.99993561357975	1.00162025507927
84.8038870096207	27	0	20.085	282.650528638101	0.99993561357975	1.00162025507927
84.8056659698486	81	0	19.2542	282.6508999071	0.999935151050091	1.0016189030695
84.8127830028534	184	0	17.7526	282.652385231888	0.99993330062151	1.00161349412441
84.8181200027466	166	0	18.0073	282.653499063766	0.999931913001537	1.00160943800449
84.8270159959793	125	0	18.5996	282.655355657554	0.999929600043297	1.00160267704964
84.8287949562073	131	0	18.5119	282.655726926553	0.999929137513638	1.00160132503986
84.8341319561005	62	2	19.543	282.656840758431	0.999927749893665	1.00159726891994
84.835911989212	197	0	17.5706	282.657212251341	0.999927287085056	1.00159591609478
84.8465859889984	99	0	18.984	282.659439915097	0.999924511845112	1.00158780385494
84.8590400218964	83	0	19.224	282.662039071763	0.999921273796558	1.00157833878994
84.8697149753571	361	0	15.4146	282.66426693455	0.999918498308659	1.00157022582531
84.8910650014877	33	0	19.9911	282.668722685003	0.999912947301865	1.00155399980545
84.8928439617157	107	0	18.865	282.669093954003	0.999912484772205	1.00155264779568
84.894623041153	342	0	15.6514	282.669465247881	0.999912022211552	1.0015512956953
84.9213099479675	89	0	19.1337	282.675034805334	0.99990508361578	1.00153101364613
84.9302059412003	131	0	18.5119	282.676891399121	0.999902770657539	1.00152425269127
84.9586720466614	125	0	18.5996	282.682832275331	0.999895369470119	1.00150261845112
84.9622299671173	302	0	16.161	282.68357481333	0.999894444410801	1.00149991443157
84.9675669670105	273	0	16.5398	282.684688645208	0.999893056790829	1.00149585831165
84.9693460464478	148	0	18.2653	282.685059939086	0.999892594230175	1.00149450621128
84.983579993248	103	0	18.9244	282.688030563784	0.999888893404007	1.00148368841171
85.0120459794998	96	0	19.0288	282.693971415114	0.999881492247581	1.00146205426216
85.0227199792862	338	0	15.7017	282.69619907887	0.999878717007637	1.00145394202232
85.0262789726257	49	0	19.7428	282.69694184078	0.999877791669369	1.00145123718739
85.0333949327469	524	0	13.5146	282.698426941657	0.999875941519737	1.00144582905769
85.0440700054169	245	0	16.9131	282.700654829323	0.999873166000843	1.00143771600246
85.0476280450821	129	0	18.5411	282.701397392201	0.99987224091053	1.00143501189232
85.0494070053101	490	0	13.8918	282.701768661201	0.999871778380871	1.00143365988255
85.0725359916687	581	0	12.9039	282.706595680654	0.999865764844418	1.00141608185291
85.0760940313339	116	1	18.7319	282.707338243532	0.999864839754105	1.00141337774277
85.0832109451294	113	0	18.7761	282.708823543441	0.999862989356518	1.00140796888828
85.0938860177994	191	0	17.6544	282.711051431108	0.999860213837624	1.00139985583305
85.1010019779205	82	0	19.2391	282.712536531985	0.999858363687992	1.00139444770336
85.1045609712601	242	0	16.9535	282.713279293895	0.999857438349724	1.00139174286842
85.1045609712601	104	0	18.9095	282.713279293895	0.999857438349724	1.00139174286842
85.1170139312744	114	0	18.7614	282.71587822665	0.99985420058012	1.00138227861881
85.1276890039444	118	0	18.7024	282.718106114316	0.999851425061226	1.00137416556358
85.1294679641724	112	0	18.7909	282.718477383316	0.999850962531567	1.00137281355381
85.1294679641724	370	0	15.3035	282.718477383316	0.999850962531567	1.00137281355381
85.1330269575119	93	0	19.0737	282.719220145226	0.999850037193298	1.00137010871887
85.1348060369492	109	0	18.8353	282.720415375671	0.999849541912079	1.0013714397049
85.1348060369492	105	0	18.8947	282.720415375671	0.999849541912079	1.0013714397049
85.1365849971771	154	0	18.1789	282.721682564621	0.999849043803215	1.0013730051899
85.1419219970703	152	0	18.2077	282.725484216385	0.999847549443245	1.0013777017498
85.1454809904099	80	0	19.2693	282.72801935852	0.99984655292511	1.00138083366394
