00848890001	0	0.5285411440,-2.9189341697	9.352228999137878E+02
00848890001	1	0.5290366471,-2.9188177410	6.945220998525620E+02
00848890001	2	0.5285329522,-2.9189304330	2.236511599898338E+03
00848890002	0	0.5281284910,-2.9189517289	8.274089999198914E+02
00848890002	1	0.5275673259,-2.9177052613	1.153357999324799E+02
00848890002	2	0.5279049236,-2.9181329745	1.587120899915695E+03
00848890003	0	0.5283654949,-2.9185957372	1.128284999847412E+03
00848890003	1	0.5283369039,-2.9183135419	1.110733899593353E+03
00848890004	0	0.5282876377,-2.9180468741	9.176717998981476E+02
00848890004	1	0.5287644982,-2.9190287155	9.101498999595642E+02
00848890004	2	0.5281846768,-2.9184431359	2.449632099986076E+03
00848890004	3	0.5279086727,-2.9187946968	7.020439999103546E+02
00848890005	0	0.5282997998,-2.9175812288	1.960708599925041E+03
00848890005	1	0.5285715969,-2.9189321052	1.960708599925041E+03
00848890005	2	0.5285715969,-2.9189321052	1.960708599925041E+03
00848890005	3	0.5287952177,-2.9184085453	2.108639299869537E+03
00848890005	4	0.5285715969,-2.9189321052	2.108639299869537E+03
00848890006	0	0.5285615445,-2.9180607954	8.775549999475479E+02
00848890006	1	0.5280258903,-2.9191623783	1.035514899849892E+03
00848890006	2	0.5280984045,-2.9182088000	5.766789999008179E+02
00848890006	3	0.5287532516,-2.9188049921	6.644344999790192E+02
00848890006	4	0.5285715969,-2.9189321052	6.644344999790192E+02
00848890006	5	0.5285715969,-2.9189321052	6.644344999790192E+02
00848890006	6	0.5285715969,-2.9189321052	6.644344999790192E+02
00848890007	0	0.5285715969,-2.9189321052	6.644344999790192E+02
00848890007	1	0.5286942770,-2.9190797925	1.634759599924088E+03
00848890007	2	0.5279160185,-2.9189865513	1.634759599924088E+03
00848890008	0	0.5280741852,-2.9186655252	1.494350799918175E+03
00848890008	1	0.5289332061,-2.9188517731	1.652310699820518E+03
00848890008	2	0.5285715969,-2.9189321052	1.652310699820518E+03
00848890008	3	0.5282558121,-2.9184324135	1.323854399919510E+03
00848890009	0	0.5294376097,-2.9184488690	1.080646299958229E+03
00848890009	1	0.5285715969,-2.9189321052	1.080646299958229E+03
00848890009	2	0.5284916308,-2.9193900723	1.419131799936295E+03
00848890009	3	0.5285715969,-2.9189321052	1.419131799936295E+03
00848890010	0	0.5285715969,-2.9189321052	1.419131799936295E+03
00848890010	1	0.5285715969,-2.9189321052	1.419131799936295E+03
00848890010	2	0.5285715969,-2.9189321052	1.419131799936295E+03
00848890010	3	0.5285715969,-2.9189321052	1.419131799936295E+03
00848890011	0	0.5285715969,-2.9189321052	1.419131799936295E+03
00848890011	1	0.5285715969,-2.9189321052	1.419131799936295E+03
00848890011	2	0.5285715969,-2.9189321052	1.419131799936295E+03
00848890011	3	0.5285715969,-2.9189321052	1.419131799936295E+03
00848890012	0	0.5285715969,-2.9189321052	1.419131799936295E+03
00848890012	1	0.5285715969,-2.9189321052	1.419131799936295E+03
00848890012	2	0.5285715969,-2.9189321052	1.419131799936295E+03
00848890012	3	0.5285715969,-2.9189321052	1.419131799936295E+03
00848890012	4	0.5285715969,-2.9189321052	1.419131799936295E+03
00848890013	0	0.5285715969,-2.9189321052	1.419131799936295E+03
00848890013	1	0.5285715969,-2.9189321052	1.419131799936295E+03
00848890013	2	0.5285715969,-2.9189321052	1.419131799936295E+03
00848890013	3	0.5285715969,-2.9189321052	1.419131799936295E+03
00848890014	0	0.5285715969,-2.9189321052	1.419131799936295E+03
00848890014	1	0.5285715969,-2.9189321052	1.419131799936295E+03
00848890014	2	0.5285715969,-2.9189321052	1.419131799936295E+03
00848890014	3	0.5285715969,-2.9189321052	1.419131799936295E+03
00848890015	0	0.5285715969,-2.9189321052	1.419131799936295E+03
00848890015	1	0.5285715969,-2.9189321052	1.419131799936295E+03
00848890016	0	0.5285715969,-2.9189321052	1.419131799936295E+03
00848890016	1	0.5285715969,-2.9189321052	1.419131799936295E+03
00848890016	2	0.5285715969,-2.9189321052	1.419131799936295E+03
00848890016	3	0.5285715969,-2.9189321052	1.419131799936295E+03
00848890016	4	0.5285715969,-2.9189321052	1.419131799936295E+03
00848890016	5	0.5285715969,-2.9189321052	1.419131799936295E+03
00848890016	6	0.5285715969,-2.9189321052	1.419131799936295E+03
00848890017	0	0.5285715969,-2.9189321052	1.419131799936295E+03
00848890017	1	0.5285715969,-2.9189321052	1.419131799936295E+03
00848890017	2	0.5285715969,-2.9189321052	1.419131799936295E+03
00848890018	0	0.5285715969,-2.9189321052	1.419131799936295E+03
00848890018	1	0.5285715969,-2.9189321052	1.419131799936295E+03
00848890018	2	0.5285715969,-2.9189321052	1.419131799936295E+03
00848890018	3	0.5285715969,-2.9189321052	1.419131799936295E+03
00848890019	0	0.5285715969,-2.9189321052	1.419131799936295E+03
00848890019	1	0.5285715969,-2.9189321052	1.419131799936295E+03
00848890019	2	0.5285715969,-2.9189321052	1.419131799936295E+03
00848890019	3	0.5285715969,-2.9189321052	1.419131799936295E+03
00848890020	0	0.5285715969,-2.9189321052	1.419131799936295E+03
00848890020	1	0.5285715969,-2.9189321052	1.419131799936295E+03
00848890020	2	0.5285715969,-2.9189321052	1.419131799936295E+03
00848890020	3	0.5285715969,-2.9189321052	1.419131799936295E+03
00848890021	0	0.5285715969,-2.9189321052	1.419131799936295E+03
00848890021	1	0.5285715969,-2.9189321052	1.419131799936295E+03
00848890021	2	0.5285715969,-2.9189321052	1.419131799936295E+03
00848890023	0	0.5285715969,-2.9189321052	1.419131799936295E+03
00848890023	1	0.5285715969,-2.9189321052	1.419131799936295E+03
00848890023	2	0.5285715969,-2.9189321052	1.419131799936295E+03
00848890023	3	0.5285715969,-2.9189321052	1.419131799936295E+03
00848890024	0	0.5285715969,-2.9189321052	1.419131799936295E+03
00848890024	1	0.5285715969,-2.9189321052	1.419131799936295E+03
00848890024	2	0.5285715969,-2.9189321052	1.419131799936295E+03
00848890024	3	0.5285715969,-2.9189321052	1.419131799936295E+03
00848890024	4	0.5285715969,-2.9189321052	1.419131799936295E+03
00848890025	0	0.5285715969,-2.9189321052	1.419131799936295E+03
00848890025	1	0.5285715969,-2.9189321052	1.419131799936295E+03
00848890025	2	0.5285715969,-2.9189321052	1.419131799936295E+03
00848890025	3	0.5285715969,-2.9189321052	1.419131799936295E+03
00848890026	0	0.5285715969,-2.9189321052	1.419131799936295E+03
00848890026	1	0.5285715969,-2.9189321052	1.419131799936295E+03
00848890026	2	0.5285715969,-2.9189321052	1.419131799936295E+03
00848890026	3	0.5285715969,-2.9189321052	1.419131799936295E+03
00848890027	0	0.5285715969,-2.9189321052	1.419131799936295E+03
00848890027	1	0.5285715969,-2.9189321052	1.419131799936295E+03
00848890027	2	0.5285715969,-2.9189321052	1.419131799936295E+03
